[Version]
AppVersion=4.0.11.0
Version=307

[RGB Curves]
LumaMode=true
rCurve=3;0;0;0.058419243986254393;0.28522336769759427;0.46735395189003465;0.890034364261168;1;1;
gCurve=3;0;0;0.96563573883161546;0.66323024054982871;1;1;
bCurve=0;
