[Version]
AppVersion=4.0.10.0
Version=306

[Exposure]
Auto=false
Clip=0.02
Compensation=0
Brightness=0
Contrast=0
Saturation=0
Black=0
HighlightCompr=0
HighlightComprThreshold=0
ShadowCompr=50
CurveMode=WeightedStd
CurveMode2=SatAndValueBlending
Curve=3;0;0;0.14089347079037803;0.0034364261168384688;0.32302405498281778;0.2147079037800686;1;1;
Curve2=3;0;0;0.16151202749140844;0.24319627128016638;0.59793814432989756;0.90034364261168354;1;1;
