[Version]
AppVersion=4.0.11.0
Version=307

[RGB Curves]
LumaMode=true
rCurve=3;0;0;0.29209621993127149;0.054982817869415793;0.90034364261168398;0.46391752577319617;1;1;
gCurve=3;0;0;0.67697594501718261;0.95532646048109982;1;1;
bCurve=0;
